# Created by Octave 10.2.0, Thu Oct 23 16:16:55 2025 PDT <dg@squid>
# name: n_system
# type: scalar
10


# name: T_vec
# type: matrix
# rows: 1
# columns: 1000
 0 9686.4864864864867 19372.972972972973 29059.45945945946 38745.945945945947 48432.432432432433 58118.91891891892 67805.405405405414 77491.891891891893 87178.378378378373 96864.864864864867 106551.35135135136 116237.83783783784 125924.32432432432 135610.81081081083 145297.29729729731 154983.78378378379 164670.27027027027 174356.75675675675 184043.24324324325 193729.72972972973 203416.21621621621 213102.70270270272 222789.1891891892 232475.67567567568 242162.16216216216 251848.64864864864 261535.13513513515 271221.62162162166 280908.10810810811 290594.59459459462 300281.08108108107 309967.56756756757 319654.05405405408 329340.54054054053 339027.02702702704 348713.51351351349 358400 368086.48648648651 377772.97297297296 387459.45945945947 397145.94594594598 406832.43243243243 416518.91891891893 426205.40540540544 435891.89189189189 445578.3783783784 455264.86486486485 464951.35135135136 474637.83783783787 484324.32432432432 494010.81081081083 503697.29729729728 513383.78378378379 523070.2702702703 532756.7567567568 542443.24324324331 552129.7297297297 561816.21621621621 571502.70270270272 581189.18918918923 590875.67567567574 600562.16216216213 610248.64864864864 619935.13513513515 629621.62162162166 639308.10810810816 648994.59459459456 658681.08108108107 668367.56756756757 678054.05405405408 687740.54054054059 697427.02702702698 707113.51351351349 716800 726486.48648648651 736172.97297297302 745859.45945945953 755545.94594594592 765232.43243243243 774918.91891891893 784605.40540540544 794291.89189189195 803978.37837837834 813664.86486486485 823351.35135135136 833037.83783783787 842724.32432432438 852410.81081081089 862097.29729729728 871783.78378378379 881470.2702702703 891156.7567567568 900843.24324324331 910529.7297297297 920216.21621621621 929902.70270270272 939589.18918918923 949275.67567567574 958962.16216216213 968648.64864864864 978335.13513513515 988021.62162162166 997708.10810810816 1007394.5945945946 1017081.0810810811 1026767.5675675676 1036454.0540540541 1046140.5405405406 1055827.027027027 1065513.5135135136 1075200 1084886.4864864866 1094572.972972973 1104259.4594594594 1113945.945945946 1123632.4324324324 1133318.9189189191 1143005.4054054054 1152691.8918918918 1162378.3783783785 1172064.8648648649 1181751.3513513515 1191437.8378378379 1201124.3243243243 1210810.8108108109 1220497.2972972973 1230183.7837837839 1239870.2702702703 1249556.7567567567 1259243.2432432433 1268929.7297297297 1278616.2162162163 1288302.7027027027 1297989.1891891891 1307675.6756756757 1317362.1621621621 1327048.6486486488 1336735.1351351351 1346421.6216216215 1356108.1081081082 1365794.5945945946 1375481.0810810812 1385167.5675675676 1394854.054054054 1404540.5405405406 1414227.027027027 1423913.5135135136 1433600 1443286.4864864866 1452972.972972973 1462659.4594594594 1472345.945945946 1482032.4324324324 1491718.9189189191 1501405.4054054054 1511091.8918918918 1520778.3783783785 1530464.8648648649 1540151.3513513515 1549837.8378378379 1559524.3243243243 1569210.8108108109 1578897.2972972973 1588583.7837837839 1598270.2702702703 1607956.7567567567 1617643.2432432433 1627329.7297297297 1637016.2162162163 1646702.7027027027 1656389.1891891891 1666075.6756756757 1675762.1621621621 1685448.6486486488 1695135.1351351351 1704821.6216216218 1714508.1081081082 1724194.5945945946 1733881.0810810812 1743567.5675675676 1753254.0540540542 1762940.5405405406 1772627.027027027 1782313.5135135136 1792000 1801686.4864864866 1811372.972972973 1821059.4594594594 1830745.945945946 1840432.4324324324 1850118.9189189191 1859805.4054054054 1869491.8918918918 1879178.3783783785 1888864.8648648649 1898551.3513513515 1908237.8378378379 1917924.3243243243 1927610.8108108109 1937297.2972972973 1946983.7837837839 1956670.2702702703 1966356.7567567567 1976043.2432432433 1985729.7297297297 1995416.2162162163 2005102.7027027027 2014789.1891891891 2024475.6756756757 2034162.1621621621 2043848.6486486488 2053535.1351351351 2063221.6216216218 2072908.1081081082 2082594.5945945946 2092281.0810810812 2101967.5675675678 2111654.054054054 2121340.5405405406 2131027.0270270272 2140713.5135135134 2150400 2160086.4864864866 2169772.9729729732 2179459.4594594594 2189145.945945946 2198832.4324324327 2208518.9189189188 2218205.4054054054 2227891.8918918921 2237578.3783783782 2247264.8648648649 2256951.3513513515 2266637.8378378381 2276324.3243243243 2286010.8108108109 2295697.2972972975 2305383.7837837837 2315070.2702702703 2324756.7567567569 2334443.2432432431 2344129.7297297297 2353816.2162162163 2363502.702702703 2373189.1891891891 2382875.6756756757 2392562.1621621624 2402248.6486486485 2411935.1351351351 2421621.6216216218 2431308.1081081079 2440994.5945945946 2450681.0810810812 2460367.5675675678 2470054.054054054 2479740.5405405406 2489427.0270270272 2499113.5135135134 2508800 2518486.4864864866 2528172.9729729732 2537859.4594594594 2547545.945945946 2557232.4324324327 2566918.9189189188 2576605.4054054054 2586291.8918918921 2595978.3783783782 2605664.8648648649 2615351.3513513515 2625037.8378378381 2634724.3243243243 2644410.8108108109 2654097.2972972975 2663783.7837837837 2673470.2702702703 2683156.7567567569 2692843.2432432431 2702529.7297297297 2712216.2162162163 2721902.702702703 2731589.1891891891 2741275.6756756757 2750962.1621621624 2760648.6486486485 2770335.1351351351 2780021.6216216218 2789708.1081081079 2799394.5945945946 2809081.0810810812 2818767.5675675678 2828454.054054054 2838140.5405405406 2847827.0270270272 2857513.5135135134 2867200 2876886.4864864866 2886572.9729729732 2896259.4594594594 2905945.945945946 2915632.4324324327 2925318.9189189188 2935005.4054054054 2944691.8918918921 2954378.3783783782 2964064.8648648649 2973751.3513513515 2983437.8378378381 2993124.3243243243 3002810.8108108109 3012497.2972972975 3022183.7837837837 3031870.2702702703 3041556.7567567569 3051243.2432432431 3060929.7297297297 3070616.2162162163 3080302.702702703 3089989.1891891891 3099675.6756756757 3109362.1621621624 3119048.6486486485 3128735.1351351351 3138421.6216216218 3148108.1081081084 3157794.5945945946 3167481.0810810812 3177167.5675675678 3186854.054054054 3196540.5405405406 3206227.0270270272 3215913.5135135134 3225600 3235286.4864864866 3244972.9729729732 3254659.4594594594 3264345.945945946 3274032.4324324327 3283718.9189189188 3293405.4054054054 3303091.8918918921 3312778.3783783782 3322464.8648648649 3332151.3513513515 3341837.8378378381 3351524.3243243243 3361210.8108108109 3370897.2972972975 3380583.7837837837 3390270.2702702703 3399956.7567567569 3409643.2432432435 3419329.7297297297 3429016.2162162163 3438702.702702703 3448389.1891891891 3458075.6756756757 3467762.1621621624 3477448.6486486485 3487135.1351351351 3496821.6216216218 3506508.1081081084 3516194.5945945946 3525881.0810810812 3535567.5675675678 3545254.054054054 3554940.5405405406 3564627.0270270272 3574313.5135135134 3584000 3593686.4864864866 3603372.9729729732 3613059.4594594594 3622745.945945946 3632432.4324324327 3642118.9189189188 3651805.4054054054 3661491.8918918921 3671178.3783783782 3680864.8648648649 3690551.3513513515 3700237.8378378381 3709924.3243243243 3719610.8108108109 3729297.2972972975 3738983.7837837837 3748670.2702702703 3758356.7567567569 3768043.2432432435 3777729.7297297297 3787416.2162162163 3797102.702702703 3806789.1891891891 3816475.6756756757 3826162.1621621624 3835848.6486486485 3845535.1351351351 3855221.6216216218 3864908.1081081084 3874594.5945945946 3884281.0810810812 3893967.5675675678 3903654.054054054 3913340.5405405406 3923027.0270270272 3932713.5135135134 3942400 3952086.4864864866 3961772.9729729732 3971459.4594594594 3981145.945945946 3990832.4324324327 4000518.9189189188 4010205.4054054054 4019891.8918918921 4029578.3783783782 4039264.8648648649 4048951.3513513515 4058637.8378378381 4068324.3243243243 